73825
24532
83470
81697
38936
1675
75704
2736
40587
75226
52073
96214
24743
94478
73677
53017
36837
66425
11185
33803
13239
28757
1149
86529
21511
22377
18615
3928
35526
60195
23619
94897
275
84086
82851
51371
66816
84226
85558
24767
17880
24196
66688
87865
45177
22047
64694
7816
56910
24405
17335
92667
57477
83027
79399
60630
12188
50622
65455
33904
11615
89238
72756
46443
62469
93423
30342
29068
77817
95276
22540
79403
50399
45075
97565
13658
15272
39450
82024
62751
51909
11225
45854
44507
47695
65978
39630
39615
69128
55201
50044
31491
6680
70371
35794
67901
20812
17089
97436
71297
29202
81574
52158
95758
89562
68963
31693
1047
1979
73378
78362
39935
14433
20997
78492
86447
51639
86316
68740
67249
88609
76913
7178
88116
74180
64947
98345
52976
79222
8984
95732
86717
69515
6624
63867
14903
29387
30631
88651
70817
11350
90731
26816
5927
61589
91206
90748
99830
98847
64347
19058
93066
2080
42680
16731
26508
92645
16505
4003
96407
93416
22371
39399
26499
57602
87304
93530
98406
78167
13399
70692
82230
39288
31903
40265
12023
33272
82710
1356
67551
25368
98752
82752
26795
65543
14160
6272
82602
72786
25859
38209
64172
29776
81056
82053
9542
88663
8621
49875
82562
32434
56934
2583
86249
81795
7969
66422
67855
39493
7292
26297
72571
33789
44205
77820
94990
97768
96873
60081
72847
67682
74039
26577
61209
45756
72304
57661
2751
55688
53261
25069
22119
78145
32702
59081
73468
8504
22891
17897
70116
47479
18215
92054
29374
32380
89765
11994
53915
26262
1724
35775
10611
56665
63657
61777
93133
99383
11129
93323
88570
92779
28945
26670
47434
37485
15501
42366
57635
12577
43994
55883
39952
49491
69343
95963
83274
58314
77774
71457
32225
19799
91948
10100
67749
2595
25987
39144
61891
29779
39666
23811
27963
70277
49737
99289
72311
27743
30641
44017
64199
25583
68888
60009
76911
33001
11012
33666
82329
22670
20832
92412
87587
80832
39986
32697
8899
41594
85720
99738
54252
60123
8106
15063
82282
26333
2943
51766
90952
51508
11974
54512
25743
13372
7679
92873
56788
57551
19239
63318
29828
790
3441
23239
31144
96796
50517
37327
94461
35920
63791
35662
5889
90327
56476
69138
94681
94706
77137
49493
76831
75838
92007
27692
4980
91834
73172
57589
82591
44849
70099
51115
43960
78782
1795
71615
55977
43170
48295
55405
6953
41932
15859
36024
91235
335
1351
23520
80759
50950
1943
3773
47627
13562
48015
41047
83021
99084
58142
59278
37257
2338
360
97577
96822
95284
14829
15501
31323
26883
60548
20135
24597
63097
42004
47460
14657
20985
96096
68453
12623
35300
23757
18132
33383
89694
39774
27846
93157
12405
25735
99686
61118
98732
55672
55820
65546
66364
27916
66389
18800
60387
99883
73294
15346
91481
82324
3512
36825
15723
93119
50063
7011
48829
84412
45184
75892
33311
38581
91943
28816
71901
76193
7028
49414
19600
47575
86879
5418
69167
3397
82514
36379
18032
21921
11393
69013
78294
8578
16717
44929
16578
30269
48278
9075
51204
12266
35121
54399
80144
45009
42910
62808
64641
37814
50314
65231
51244
18591
74226
22155
43319
93311
68282
71361
30045
63577
97509
45026
7689
66744
76215
45759
70614
52033
96700
39224
32850
8507
88616
17423
96838
92821
59663
75214
70004
45039
5063
54812
70451
89858
70680
33198
84043
25559
9912
14281
81175
1227
66704
20285
23971
35807
41478
25135
55335
43500
8910
13254
31241
9628
80589
8502
47776
56317
88087
55925
81978
37176
78418
47660
92801
11205
30449
44797
61981
73267
64814
85305
7956
74905
64991
83033
80919
34187
14542
7846
85422
51507
83721
7902
21343
83917
67648
44848
19644
2821
96245
13270
90205
92602
6533
913
81055
42111
8546
7188
20677
1496
56093
11866
74694
36374
33524
19871
8834
49452
53097
78981
90904
62001
23221
26972
35857
30678
47835
8015
83969
33829
82384
59990
19712
16834
11395
57888
24118
85760
34744
20803
81341
52599
89842
64641
12564
41683
40387
10016
78830
3861
6152
83940
73424
75311
65865
50474
1893
67137
28522
92066
48777
6799
1432
58507
74119
57686
98829
46671
85406
61595
38160
95808
96805
77235
50169
15665
88121
23556
81253
34083
56475
9328
15247
94566
87587
59183
90953
23512
42416
75885
24337
28583
43036
50594
61567
87667
60645
60746
88787
57363
28901
11224
7334
56368
83434
38728
64887
27040
52863
67725
11620
8812
75893
83713
41586
14506
7840
19943
19085
64591
51550
89834
20709
8553
64048
30981
68424
95986
79971
74626
65752
58449
16551
20079
32799
33340
48230
38603
23853
31491
14017
63730
84353
95198
16769
68523
78828
48497
77323
75456
97587
14789
50110
82623
70944
13341
55167
28047
96148
96382
34071
78294
28554
18174
10415
11998
39684
85253
4930
8740
19298
55687
95005
41046
54107
93292
85073
19776
37544
95576
84453