88286
52925
56276
69767
12469
4717
10203
56884
25325
62256
98297
74758
36606
54387
92877
71105
25753
49175
96501
23825
52898
80628
18317
86100
81099
65383
1371
6286
13654
19661
27190
68201
77251
12600
92348
34600
70851
75287
61057
60653
43418
89553
92067
54624
48377
44653
82001
32635
5099
81036
79091
75313
59565
97243
94188
34918
44849
65241
80962
87654
21687
69840
70574
79231
52948
536
92941
72163
71075
94440
54590
70984
47365
85267
33939
26513
8872
49551
48800
28471
32273
68783
47870
96096
27862
15662
48460
746
54467
97367
54328
5529
2046
4494
65916
44952
4281
34255
13078
69755
36513
90004
22724
22641
75696
64517
97093
81453
5424
3383
66838
74843
42765
1847
72893
24543
10495
66057
69501
54396
15898
17857
39982
41987
1165
8754
11141
60416
7591
26201
26100
64659
40572
42871
66913
57192
4175
39205
91532
19108
88516
30291
49653
70461
68599
59162
41323
15169
19649
77620
28310
67985
762
8213
26177
10451
16832
72642
50183
24685
86838
53312
73993
25221
36669
69701
27640
19066
68923
99181
35866
34168
88464
54910
45265
86852
63994
72730
18520
31877
17251
2012
29021
15887
9208
55414
39362
19915
92167
38880
5498
31677
60180
54262
22358
703
71971
13018
60522
52726
13193
79460
44761
54805
35196
95423
72724
93522
58759
92736
55421
31912
36830
84386
96610
29735
88903
593
81440
42682
234
83019
88985
43871
50442
13159
77996
27302
23700
39085
37356
48855
66718
18336
93338
14480
77491
92038
25638
33658
15125
80902
83414
93947
84633
44939
34114
8895
59913
50710
93643
24384
70022
46219
2135
65752
95411
8079
99101
40477
56313
6316
87092
33804
2226
76774
83338
95612
76935
73202
76576
29211
38660
56585
82540
1598
29357
12399
75947
70623
7895
52408
74295
30450
25249
26269
94252
82188
17580
57324
59206
67875
77110
59960
28233
36918
99456
9786
52397
55800
78574
97214
32124
71630
56693
52519
20636
16333
60006
17381
34728
33231
65885
16966
12456
37113
15740
59624
93243
76434
15647
90658
94716
75849
63011
38940
34418
9743
83300
62106
6088
98486
53936
72495
31889
91498
72829
80433
61762
52253
7379
20339
96116
52851
59923
20282
2306
41874
25323
48038
61205
6433
58857
40979
24994
2863
79880
53167
61608
2733
43347
70207
72482
60745
97157
49478
73785
51265
4488
80154
80947
50787
9555
55299
23887
62086
99233
8830
90924
78147
76228
49022
58601
99470
16800
95257
71986
34038
19118
60972
56382
94638
56575
44924
26576
45748
73966
24724
88170
65122
56840
99421
11135
91692
65173
1775
94750
21478
73949
33891
36293
24772
333
37237
90765
42762
76413
34714
29949
88522
26621
46835
32712
65687
19176
5478
16085
76939
63113
7053
66393
21786
67856
18280
59844
3513
73969
89272
76840
2450
91873
42520
50675
10520
77750
34304
65514
41871
1493
69907
63945
46431
90807
84201
8972
22279
22352
79026
5365
65
89612
80725
40037
97056
87923
31804
3422
67649
8794
75411
29358
61119
14370
51025
14778
47908
92053
97292
33984
23205
77696
41187
60561
31402
45157
78247
31609
41155
30987
9692
64309
2761
18704
12188
6948
46360
66257
5631
93877
84686
44783
66255
94682
61955
34068
31173
92950
71454
5272
28174
45602
74022
2362
14953
72494
36557
40385
75674
80724
41386
77271
90614
9227
69863
26211
34377
97729
3401
53589
62385
38348
31169
59687
86106
84262
29948
30465
83508
36486
65378
24412
14028
62989
29912
95206
73275
62657
5438
54423
55762
7176
40345
46451
68428
21986
85414
24252
37600
71303
37717
57058
37860
65856
74321
15638
79765
50058
27727
502
67736
70456
12456
91458
19335
48965
13969
69182
45975
19451
75520
36618
21712
16830
25674
81360
95942
30345
3935
60605
24579
97942
70898
27361
99081
56334
42070
78542
83062
18465
20097
84456
34374
8499
44300
66601
37649
47795
33025
80079
41326
37188
97946
26314
44891
42106
40220
54196
58108
27897
43289
3556
32792
16710
31981
25981
83476
34005
76144
46191
17669
3197
87088
61675
85080
76463
22030
81365
75022
16206
78659
17619
10540
8556
49369
10593
1264
92577
92815
80875
41204
32420
17727
66887
6976
81538
93135
58662
32979
14626
13136
78377
75612
12392
96042
40605
9788
65343
22916
17902
92675
50535
6194
9007
47087
85407
20826
89631
66645
62125
75798
91901
38232
14407
98300
96245
34950
3315
87970
83740
38693
36275
62601
73180
69165
97217
13196
94491
28198
87158
21364
83278
76536
74442
91147
69184
56544
75040
80013
61234
53713
83078
78291
34876
53656
28176
53984
83582
34467
95115
46675
65933
85104
52678
57014
40205
53434
1978
90999
92942
93811
93434
30692
50917
70951
57070
49604
76652
76097
60047
44820
7972
16888
24861
12694
33581
70326
68115
42206
4752
36108
90617
42084
7695
4643
93534
94046
68361
6746
40545
30824
43618
84428
73327
77157
84750
37653
94083
78812
95865