8710
50567
47160
36677
31397
89053
71835
35650
59615
86261
69631
90820
65128
40850
92428
60705
64291
53717
74292
29207
73667
77717
14616
23268
29145
1409
8903
54655
54200
65760
92827
39177
88366
3874
95391
40802
6782
63023
32163
63354
83567
86496
33780
22782
6661
60292
34118
16434
67335
44189
55771
3002
58757
82278
95905
23542
68174
69180
74615
11628
7667
37028
59583
95601
25726
72257
91122
68830
75318
21780
92892
71693
18146
65597
43582
86840
85471
59331
99976
40657
21528
11613
59363
98255
8160
96207
20230
58651
35841
31605
38992
19787
41867
57646
36283
79234
75669
84533
28089
92857
69054
70154
14261
12892
67412
52382
24523
57599
36288
9204
70802
37153
13505
42274
8317
32248
18413
45819
63894
49808
56759
40223
92284
88155
27130
17860
49513
94668
64773
45584
32028
95104
66888
24168
39968
18432
98039
26110
43797
32421
40245
91429
49306
74615
62278
69168
52368
38584
46471
22367
95315
80464
31070
71868
24524
56016
21496
50557
29091
34378
74270
22452
78701
12544
75823
5121
94310
5406
91615
40822
16716
45297
33583
61630
54521
72658
45763
34380
46978
11080
59370
30366
9671
61166
1661
83135
60619
23592
79136
75400
59703
91412
39819
52722
13903
204
84325
85732
26062
66625
64482
81904
89319
36063
17241
56615
53119
6189
96900
80016
37975
19158
21000
13643
4833
68305
97787
60752
16272
51014
1714
87265
44036
27289
98073
63491
64349
60799
78944
94522
79427
15024
54643
14466
28266
74767
36118
22080
88449
1151
91608
54068
802
77358
83596
4040
33877
82104
86420
14872
18112
91929
11449
10669
92367
31665
70004
54647
93899
17598
16661
16782
3276
47887
5646
82467
13646
32911
40200
80385
10150
6266
68771
37451
94469
57732
15615
73273
68942
51595
32526
26573
61932
77048
92965
32217
67976
7496
5038
22384
41230
27054
29933
75344
4728
6668
5256
53532
31049
4040
11664
52403
41373
40053
41634
50254
89328
83459
85403
15280
77248
18874
30224
94986
38227
62649
25931
17891
36686
66310
87717
60881
35700
56550
54317
3068
49130
13545
80898
44856
7471
38805
35943
16819
88190
79100
78990
20742
23505
4907
45156
30322
70338
34582
51348
69546
55850
94982
36329
61098
10886
85411
36463
65443
51586
50144
43858
25795
39189
92268
92273
33700
34503
37783
9938
12947
44062
15849
88848
1248
78893
33230
82696
73549
87063
40128
42177
43920
10830
13895
22232
47485
42164
31114
36684
78311
39958
33364
69527
32414
82895
60229
11343
59787
60636
72058
98317
30566
38554
66652
9344
98025
39304
23796
38940
34714
21809
9593
71913
79900
77430
61491
61505
93640
98435
56017
26120
95309
5977
58442
21910
34185
19155
7611
1966
63244
44821
42398
36443
75628
61969
92745
98942
7780
19039
61913
8210
27705
88906
29367
81728
84601
25633
74184
50913
64671
53736
90713
77550
38062
22159
85691
11397
64435
13328
5119
42320
508
60017
97678
56810
70844
95149
87626
2043
75492
69811
1396
91429
28539
23765
58215
31998
49452
74303
80888
50693
8228
12752
37134
19477
38877
42050
29184
29153
40164
81445
43185
46570
84279
59823
30513
5150
56142
82462
5352
15655
46424
23239
14807
43172
98760
96172
1355
66599
77828
28064
6696
15799
52168
357
61151
29804
33513
40911
27844
22524
97413
68891
90408
18056
53277
81408
89662
46705
4472
58127
82295
37852
87312
61493
97565
87553
15996
35934
26771
67701
64564
67859
97350
26399
70431
47749
14175
47005
81717
56679
44460
85192
88345
1747
72564
1716
83072
37560
62062
55667
12482
77964
72448
74543
63720
56562
33782
13817
12299
34522
2186
82348
93396
13535
86754
17922
40618
93988
74294
61864
79194
83093
69771
91125
35439
57797
70654
31148
15113
17344
41724
79187
5869
55547
3833
49432
74201
81984
43376
78806
54394
60445
83894
9780
27757
25926
48708
69288
98617
89996
61457
30798
33318
92002
15494
10341
28836
8159
94577
45904
20522
98291
40897
18687
73433
43629
29358
77523
99183
36833
47113
41857
61594
14579
74784
58005
67123
28115
31180
62113
98071
35340
16367
95609
38456
36601
78236
87108
50741
8664
51840
6555
46022
97316
80114
50129
20418
26377
49307
55534
61326
66347
15876
22140
74793
25094
99794
94702
11270
76998
30465
65597
99209
75400
18848
66314
83582
9090
71570
79840
23799
69315
46457
76756
5440
84850
64868
54387
18686
77532
13127
80069
3181
95339
7606
47682
33405
98412
35957
37073
51933
42067
48827
71653
85102
45261
91939
73486
2441
35276
21012
59827
34463
37723
40231
45656
56127
33562
34244
63889
27849
42918
10194
91255
14873
6549
91629
2975
1520
43837
4506
65734
85170
23228
45904
10057
98698
97180
95326
16762
69772
84750
19353
67190
95798
71208
64616
93185
24163
59102
40846
50089
56012
44217
58612
88870
43816
28745
40230
99055
37145
32637
76474
85332
94169
7987
37971
89484
62490
12012
39985
96909